Debit = 1.052899 MB/s
Debit = 1.004662 MB/s
Debit = 1.018186 MB/s
Debit = 0.995701 MB/s
